              precision    recall  f1-score   support

           0     0.9988    1.0000    0.9994      2499
           1     1.0000    1.0000    1.0000      2120
           2     0.7074    0.9129    0.7971       241
           3     0.3636    0.1176    0.1778       102
           4     1.0000    0.8421    0.9143        19
           5     0.8333    0.9091    0.8696        11
           6     0.8571    0.8571    0.8571         7
           7     0.0000    0.0000    0.0000         1
           8     0.0000    0.0000    0.0000         1
           9     0.0000    0.0000    0.0000         1

    accuracy                         0.9762      5002
   macro avg     0.5760    0.5639    0.5615      5002
weighted avg     0.9712    0.9762    0.9717      5002
